808830
13686
237317
105460
238664
746909
145613
463866
818625
738826
601267
707072
822505
326689
568038
367693
692951
202380
270583
328052
557918
698484
683153
921442
591243
776412
125638
157575
932874
180441
569860
500703
275495
107698
303270
539036
778546
68560
853479
176114
41277
342626
776625
475454
49407
360272
297619
866580
111579
931609
870738
308451
909050
126539
960662
269575
140692
314910
866437
280428
157774
862958
845421
309849
802174
943316
733723
861856
996810
144607
98569
232865
137582
285492
614963
993014
41948
621823
874314
842814
47357
910293
966978
614217
32214
502760
551494
51485
130886
928102
493131
996131
530859
443886
385858
493745
1765
553839
830055
175285
303346
58079
838391
822074
316537
885270
386494
55322
31714
408261
522062
901825
404770
877525
881100
332761
443988
617184
602532
979544
911107
580486
972828
197538
504900
840109
701958
689243
959616
924313
679248
834509
248976
639908
746421
867763
564545
113434
760854
726880
462326
452915
126307
635663
273965
290926
736179
381448
208794
689542
526708
339947
977199
195091
507452
319068
49469
809536
735230
296459
316276
827877
444504
557726
193734
179393
12360
854590
889002
179349
235007
98491
273149
658655
195854
675165
736643
177330
65213
942856
144842
992942
584699
494922
832431
438818
562799
832389
824314
686075
688108
6324
133861
188198
211012
364763
133114
752842
238836
184975
911770
112219
420924
116767
816025
77405
447826
33694
261063
249654
231340
51342
549514
868525
335867
722987
585511
114757
915704
136081
111391
813680
577110
425226
287862
775218
997847
701432
110863
68819
882043
712475
260018
919040
549331
809344
336176
845184
699059
124551
9758
973262
466885
399759
506108
356567
667579
171776
347706
197649
886300
711924
894544
545205
767104
22211
158923
204955
677847
360617
404200
513329
239779
774998
954137
413208
800518
33171
20708
716380
576821
717132
867179
62029
723980
199358
546502
669502
79292
116222
687244
927258
399071
642467
246897
587486
195820
460689
948169
756278
259846
72739
132075
842424
532463
887924
945841
364407
367577
454986
676699
618949
274333
566752
347347
309449
176709
612687
476939
797753
94083
362008
595394
414067
836549
395216
735078
911230
808416
899880
612628
262808
980777
572824
766651
329467
531555
35176
235102
351857
830354
251099
878775
259792
321838
368760
221433
333077
469427
50358
657839
990169
441301
987075
829952
15474
983441
817
294675
810921
453343
229822
522319
83411
75326
486075
756046
731907
554791
686341
644506
294515
39353
328030
783761
853420
33480
508994
268484
649307
746471
832277
818228
235830
195699
868521
511722
730697
432441
475356
307507
20974
596229
802847
984316
849818
872712
528593
275782
620564
622437
259913
562565
841346
883224
647731
97307
823964
670979
123729
794796
877761
328727
826723
114845
673768
928859
239202
699502
255535
444572
189926
472178
141647
473393
301543
648871
787889
923562
224416
605430
973145
813077
106383
800584
193601
142572
357657
467778
819969
929374
562763
593375
309737
216248
545724
111401
12145
299760
879310
719892
543176
96654
963859
740087
544712
543288
271820
680679
508043
335512
192460
219698
697623
293292
10683
650101
241140
847465
383350
48987
238751
592013
86932
654450
202839
397632
158980
220459
65044
556710
551378
836654
417239
736132
41608
79768
558748
639052
615665
38162
851117
517574
149433
644431
320145
91741
182704
798306
266273
435012
162221
617017
126906
11843
493647
49594
194318
618466
549663
761976
729045
936560
541905
916178
846434
117296
960681
603432
625616
363873
524219
675067
657499
194601
334730
917024
403786
516637
397778
928161
996170
558319
768226
552432
838103
706549
929824
584841
422355
367314
602288
237091
181689
241731
64560
357778
759915
561288
662363
680124
602855
872364
512973
448885
254616
58419
194853
694266
191113
69600
548998
443591
936756
160352
247864
843413
801081
921686
682925
723444
749802
401988
202781
898240
854531
464403
978834
823747
237047
219199
972096
842599
530853
360033
338700
882390
852393
248410
971053
880240
597903
571929
368
479784
984611
168970
294869
655420
819556
772828
659223
716302
701399
976172
496329
612132
530167
363219
631388
707193
42313
310921
485693
778813
155662
617140
925467
29552
621202
566865
226374
901654
979746
885374
319091
554904
738587
489569
816092
823671
253404
904761
225732
191341
732381
606335
890136
953634
599385
603512
12849
144904
149095
48858
603191
117139
400231
872408
172383
841752
808599
7436
177812
150401
315205
550976
808692
539627
252959
37145
770673
592028
248102
180641
772056
81380
47041
22640
928430
461711
605806
751925
102710
571779
124947
570086
739600
198077
754803
701122
155964
56611
22204
854847
549627
8133
31036
316758
101142
169972
908532
647719
769592
274687
558021
469961
668598
560007
297735
758258
748847
675326
852537
769152
496975
467456
440338
971618
781421
770509
419510
608614
246932
103459
485956
326623
166367
972660
825740
518066
739134
394313
659870
61885
210133
33459
639998
852005
395651
217833
415603
406331
25536
494915
812670
102347
125791
62738
638888
772352
687347
641754
398836
808951
752462
531437
44276
204318
34340
915428
69752
732297
562639
910845
498593
624209
974508
126924
536979
983529
101538
861215
125513
835454
428227
160307
85442
563082
966410
656460
496473
739766
818372
186741
446386
195370
276620
454228
106896
908658
744559
375401
851140
351694
52910
924771
809152
120150
179745
824223
999242
430984
298936
871486
756236
334448
600733
5153
188936
804978
198965
186500
427368
430711
26566
360052
896115
826034
253427
99182
792540
178638
331426
696598
401717
979574
768190
514193
326209
8704
589848
274367
781222
552503
88360
382872
218497
3075
171762
507682
480212
266743
808516
535116
42778
580599
826076
50730
892924
281412
165414
144142
595036
129126
34658
456767
299470
195573
612964
830169
17190
530947
464757
40193
823084
442537
356311
922818
278252
686509
703398
19849
166698
551373
277082
317369
341939
919275
355497
489004
895247
471572
836681
903943
699219
526894
288019
837817
567763
627966
871875
421840
213620
894164
136988
973368
509790
844499
598697
838288
834321
188449
770013
727402
157583
754407
140188
952927
506551
89989
36947
930381
675122
347798
574978
239215
786566
248923
291162
803735
387336
944070
658944
395722
955054
201061
541425
466616
363971
740521
267969
249878
752883
348115
942140
968218
6470
359162
600685
959315
7658
609531
895676
908002
590248
966013
290162
249432
137785
639007
873689
154862
868594
82305
262271
20187
228954
69036
407385
399830
783580
745695
131075
824616
26455
141175
900773
68972
46867
564665
137906
790182
635983
29567
60042
278718
320822
36286
396287
688280
577967
13936
295157
36817
436691
16802
740515
909399
357754
961820
18294
430693
246062
859304
249236
945754
71489
931969
358525
187253
782459
17049
10574
313263
910123
877511
601888
353781
362014
373196
369933
712321
653294
904448
337298
129556
178802
632862
545680
554322
249171
113065
437421
659065
590014
889721
870424
832063
285045
331429
823785
155656
790337
137166
787750
251585
989954
543878
877410
274204
46630
734172
477695
417384
911928
158341
430293
421900
320528
134953
234155
818720
924521
358535
464738
956007
632527
752645
41778
472365
256439
788056
491851
782266
591593
335308
486109
911536
320728
883760
724787
19782
807058
42338
610874
544737
252946
712947
489504
149836
762611
729078
883928
11156
328511
331306
608890
731971
445798
90177
102022
993207
368778
653772
495433
153117
904055
724038
440920
161615
396848
666682
809465
597384
836580
611793
420130
73088
248640
713404
851673
254889
615966
223226
51002
242116
802587
278150
45015
402336
34822
952545
344761
38000
310195
15543
929285
423752
313328
299889
332410
443316
190927
387734
146327
444661
153506
208350
426522
13081
312837
685845
921570
588021
411477
320425
784822
906178
68671
108112
332958
226706
125299
644056
110831
768621
171190
67276
521637
96396
456791
172224
723816
934577
218873
796282
867633
980321
581007
530941
530630
989504
195431
285299
303649
117255
177309
993398
895471
482020
745648
29563
539572
394606
705457
951835
567883
74690
418967
214783
726923
367999
44144
97448
911430
98204
302962
851353
167851
337121
998960
142945
530763
607752
290216
934985
225912
815409
354489
453718
632713
875708
794481
66619
23291
1287
456068
989726
369970
438020
359770
139269
948957
284021
456319
223901
417143
128135
938238
427303
912489
757768
995143
275135
359372
575303
301645
589387
546893
584263
998253
202556
714922
728991
757704
131332
786329
171825
254513
104852
520711
873925
92674
724688
152701
93889
566473
560338
956511
617159
905952
413464
587343
722603
951962
562187
459374
123791
757593
905069
374978
956957
235901
741342
220787
623713
600503
779018
391024
689793
985275
752178
632815
76761
402324
394582
57425
928567
270161
106044
689571
220592
326813
433248
715521
191133
499821
683513
427733
604342
397394
469859
852605
189641
657582
298605
732811
316630
91459
715585
443814
741514
718823
431724
391181
707734
626772
698314
332924
581676
623132
868047
757863
926934
673849
735220
778403
26290
209794
937660
184484
63374
340474
537889
134561
196764
349123
249440
572500
386706
235824
537054
225117
99489
869880
691893
896006
821519
13317
535712
860769
710835
302764
409151
555150
389901
676024
507398
473561
696063
849183
204680
958080
795436
646614
724892
334929
908332
923200
518441
640178
298345
150337
541204
206971
3161
469362
613698
693117
369752
467693
467596
318758
593505
579015
766719
637180
449192
534301
298124
58375
477976
360007
776659
828876
974628
107754
823814
348019
856332
708906
257021
248394
73326
23292
353174
945506
962502
284889
910151
266071
6852
405710
664706
608366
270345
609008
516739
463255
549117
708334
638137
546961
6351
818623
223375
958124
844810
660346
384469
56170
862993
841540
857040
337919
764215
163299
139546
246712
193533
54961
22903
568312
907305
900141
975222
925532
308479
404652
77825
325888
927711
884781
474881
894683
387834
216393
577072
604038
210418
702217
675132
960602
827406
608914
369621
393014
471062
453435
603668
641632
591121
186175
154183
664259
754457
995470
696093
158102
468632
378622
291307
530526
285473
647070
455192
683145
77933
57963
905195
110779
813104
226204
211951
133735
581271
181528
776641
935507
774049
894088
602166
749309
235607
367878
590315
377756
453353
252468
397546
57407
344999
694186
110453
763346
577432
195975
20211
596544
842171
944104
914804
233586
878168
923703
735715
594548
457473
501147
20231
718137
193066
747405
575413
883765
436706
878795
731606
918632
884269
460645
836945
605691
588864
226100
663893
290883
801177
804330
315972
78370
510968
4869
265087
83980
415997
327006
272778
136231
411423
716766
499420
235084
481478
57871
435654
97771
892999
131216
511933
261899
831226
744035
187462
288494
555896
325345
911805
216914
71734
937037
432577
263124
270073
604741
624127
665840
405877
732244
545242
380643
240774
713573
324788
873265
561290
356242
981660
921603
355993
5275
524692
243432
147425
89587
708925
432060
439075
515059
610913
734694
12548
941682
942685
892155
777425
512556
721193
260480
603986
964894
694214
415884
5065
509428
523907
472012
678024
223258
640235
87648
377068
904431
923982
55459
932153
432408
119018
478409
890707
219249
454006
305633
982359
469853
252236
733433
848276
957886
143281
239072
299178
991296
574338
177030
961981
587728
390332
203392
327829
167531
766951
368232
42645
986577
712032
40290
977301
647256
602882
939897
711839
357276
969200
833319
683587
534484
799554
436403
835927
537728
421514
789493
111183
921790
8578
795509
121780
352508
12307
959026
757124
585224
790084
981054
824935
828932
736445
105862
192649
449717
974007
95216
899928
323962
142787
862109
541212
716121
583027
792654
260589
878837
985705
619554
834710
245404
614266
757053
63621
519933
330558
828613
816235
779191
332023
591494
519030
621388
8283
184821
431592
981620
408127
561106
862036
97102
187362
254694
430453
972529
406356
497068
552107
928353
604993
476556
293267
5213
622110
60994
173825
795541
212271
248478
967325
27193
370098
849828
99351
342701
180908
799059
197512
44505
361101
507395
888167
534364
197058
279783
273060
760736
132248
831155
942692
869256
729352
224983
173466
237959
102947
704488
629695
808010
348507
660064
417389
29717
113259
107068
276893
367020
127652
53316
201531
115431
543445
649639
822819
764905
366295
695108
466043
82538
522866
330501
153389
16943
186351
158758
450815
387035
383676
488212
903376
943136
520629
420208
667185
668494
598037
469490
8541
700428
385912
250602
899031
76260
176972
146722
127519
966583
30228
18528
48208
358802
605080
341704
99737
118617
844205
969757
279638
881632
256476
859560
494922
401625
108402
188657
472635
915687
516708
293418
576362
647825
798172
551148
361198
627154
177252
498072
461676
139789
817774
369312
378997
456157
687869
628830
940220
986635
211828
852770
925426
172889
377209
528265
669056
124411
130630
985608
836640
700965
568524
855176
847897
913599
568516
122348
543573
446262
134547
509358
719840
168748
757144
242791
973375
215439
871830
287597
111211
952903
874361
364822
226729
67017
587911
21403
388423
523529
945700
308248
446069
896524
272065
494000
779389
361563
967011
913998
504096
484563
351372
290502
619983
977562
297736
953305
750915
812396
178133
807191
319161
304403
382063
355551
99469
999093
199544
108930
315954
982407
419265
466374
8332
678240
718904
930119
910698
561512
482286
891831
501795
203119
31362
609605
199116
39130
349935
167132
637139
685560
653232
890754
355771
23410
40076
70177
956340
923937
878721
103203
915606
710778
464401
362550
131258
102884
173923
23087
939637
60458
40216
412682
365106
683852
41132
991760
376299
397040
790340
979793
513668
616502
740186
809041
419460
378025
667905
585151
815792
794833
494679
94432
269382
401701
787271
40395
586195
61469
296824
836109
287985
440486
285270
57964
518817
264495
921531
141065
488385
909537
952185
821727
324393
475371
462214
225320
357928
980922
678021
187486
260694
757448
439405
543774
861910
145100
136088
677417
598059
866895
595818
460741
845043
68575
862556
27009
633475
243292
439204
9429
762337
268079
581187
6439
857496
602459
872874
4394
318908
633003
91466
54049
86586
219019
489783
779650
597659
306931
820984
862325
518613
283134
51565
278395
572046
633049
278877
152236
351662
329879
289436
253977
858399
656224
227541
172432
970916
953162
481978
296637
871059
537152
36101
70765
799600
181790
208297
786286
916520
468639
573658
833235
559399
188718
489654
916820
414934
921048
699086
827025
316596
747683
855637
824887
317136
470520
717796
687740
977313
682747
784616
802372
918594
493115
600105
370021
803980
66181
787639
124424
945810
430355
357811
934950
842483
616354
992503
676082
463520
898977
484963
620822
179499
729669
832709
490901
77319
459705
448420
144463
119650
625331
314986
311267
765916
782626
553643
942574
406562
249156
917526
915314
848748
856147
323127
520787
125327
524959
739686
616826
968063
837751
989520
323292
392933
18433
678111
913493
995801
376873
341001
201454
75452
729014
868722
840318
394229
166456
72959
967660
641670
543262
160824
505938
242058
786788
422617
236989
163597
882409
789558
183441
667656
35358
191944
126665
15607
726939
926807
207773
660249
337356
70086
549692
133444
770760
602870
46841
339106
506306
332632
864770
265804
841816
868243
328330
842753
507145
493646
555465
427970
448004
289306
391385
361550
871643
38911
753473
819509
334422
13794
568399
530908
434852
952656
676766
849804
190957
467881
272759
845430
949570
485803
932820
572743
384630
53274
243904
955108
633926
67721
303578
909827
545523
724424
647544
792293
525809
208299
238823
892147
10232
247922
349521
728052
997879
142938
819448
409513
560552
968191
412958
41542
837054
159724
678279
992909
575420
322049
245398
964808
590751
709376
893205
633762
274363
367668
36624
451682
542500
30206
625376
992069
491075
489533
693381
599416
489992
456153
264429
401903
684222
640365
800465
521573
689914
659406
861503
480432
870701
665340
513010
26112
852633
985701
95901
4276
325728
996368
338695
985944
544248
215916
894607
981247
802555
848566
612945
515065
697499
46657
640929
883058
983283
474277
981108
914279
756024
333766
650271
102725
351182
567104
991671
305248
963319
30380
983
728461
400422
776530
480063
105500
341554
973099
679961
494389
664934
53777
270360
893198
979189
133253
790393
852422
834763
84573
570412
663841
799102
133512
7883
934113
750179
229887
158984
867773
34621
672970
388902
507456
453713
284460
649886
93953
476757
281773
830754
103355
96006
71362
964157
518792
319897
644314
980889
401791
739273
759751
869147
91494
447247
815175
188457
282774
164528
84079
347019
122154
789680
711731
549167
369315
188964
342356
464582
854364
41637
7462
241613
300260
247265
100349
926758
544125
511499
975476
214948
958384
59506
679769
593830
538315
104368
206072
917722
90937
902393
224707
385571
554492
153619
751707
317333
417801
443748
860605
667165
38399
118119
371340
401854
8390
469881
948214
477878
233088
490576
405510
980223
36783
940362
207494
496689
625315
649955
344335
811844
668381
268289
321391
603060
790534
518954
219061
589245
444613
144853
108507
972486
614657
41758
61329
439322
813683
32210
914082
726609
452774
417962
435461
930061
633998
799701
701507
388000
438083
538222
581759
318219
148248
583117
37607
796066
595996
427577
358902
54347
604717
253883
926307
480101
167027
935502
732905
204292
691328
648882
823220
727515
6978
914975
655141
203123
198819
164247
435458
211415
50749
750996
398205
508754
308861
755873
53919
523792
138771
862085
893009
471650
53203
896218
365639
585885
632235
870011
347082
847842
714561
661403
667232
832567
971689
8819
983833
476692
695232
945299
555129
521659
72616
182682
22205
395134
536096
377793
404300
338468
320254
149905
308219
99366
932684
767989
369405
75732
538493
523178
87398
87445
931530
481298
428250
300875
68718
234664
503766
306197
207418
477838
142042
335342
50453
297219
985138
998451
217172
48048
547232
824321
688690
411361
673896
732604
420332
759121
683832
717997
944956
720926
859377
352579
355183
168411
541526
686010
975909
381508
118736
616665
638821
744716
314779
96725
311707
766163
965265
555283
660527
123764
233553
605195
454338
457018
639116
214856
256263
599666
973484
456268
849596
124379
754528
101200
252036
853498
862152
448424
675491
107274
903610
513093
599957
684369
887791
951189
310539
411470
826958
380037
126979
701583
560018
258854
217475
392479
926234
819181
618993
911515
168461
715349
618002
831013
129511
81631
347741
197874
950053
410873
771707
452415
631817
791805
710430
167265
649674
551888
251259
31289
269916
445483
772517
605317
368663
3702
732807
254228
69574
488720
998590
930578
400079
176747
527761
409601
649850
732629
880590
311817
859103
889873
781186
320870
189937
574500
573332
670335
649889
272235
829054
79511
26416
70505
218729
539740
282836
357599
288613
91293
552390
750676
162178
667033
750502
830900
366477
659826
399756
77909
637226
160961
531948
637460
457995
441283
908645
421278
843722
489328
104934
886155
699049
326444
544637
875108
485795
766806
670782
281669
220398
274175
287052
398430
822800
605237
74503
786323
498203
576765
87314
628036
352647
300638
25983
106150
542378
648410
526042
919184
420438
845368
345679
203218
579023
242428
925688
260864
167591
366265
147783
903756
39289
249597
977165
3729
531454
5226
184229
551724
114319
72740
668607
423941
928887
810790
17996
778924
576884
226543
969219
167966
52107
816859
318735
171558
80453
813516
346709
191328
936649
665863
522213
537561
694935
875355
175740
295122
854238
96699
975283
558691
887419
485805
99913
538749
697872
9755
368904
18632
662524
638535
670102
904875
746364
747356
194394
386601
624158
825375
450248
79656
127709
739588
894603
732366
420446
331805
3278
948228
60102
972717
562984
412060
842358
296539
90593
688527
921188
688770
934437
498783
216919
120613
928452
461275
593278
511488
528612
67585
666030
350330
56196
878077
945463
911990
102509
454928
679137
129800
300279
144140
289928
859525
294517
707899
630289
82419
951358
301344
366728
321567
788761
990229
705176
309966
580228
292883
261158
256843
949793
538001
458314
702623
356350
790915
5610
977695
736639
530883
791413
629855
603178
56013
138105
53380
673167
448357
405410
262264
828754
760659
540496
311030
857559
827342
405459
836228
876616
472631
553734
971201
530437
75708
637317
309396
915177
189469
81868
877956
182645
505739
114413
76006
423900
685548
231789
684465
903723
926012
366333
110958
198546
74317
126096
531082
865938
730095
114589
167757
21253
626346
57971
943973
36421
266984
313971
853660
251322
732208
702639
190505
652420
928909
385438
304418
1
13197
804408
794959
121019
335909
638516
884377
647217
103410
948572
487393
793921
854682
437385
101677
565295
412817
853249
249213
991956
795639
88937
365692
643557
72351
469993
880210
208351
991915
134491
450326
766668
530963
586990
178785
305077
275332
370397
894461
977764
994725
244040
387773
32277
69236
852524
57766
395257
479375
311172
992011
524070
154319
923387
619126
66526
770767
162892
477506
777081
40586
195192
715270
717554
670690
340899
921068
977484
585725
850444
145439
21855
329674
453671
216931
627715
523490
591065
401662
513303
798345
538511
609172
88175
405331
967036
508176
220120
959779
595437
615742
254344
506831
481034
681719
683687
33183
708395
379123
904500
467893
641684
338434
292630
738438
643599
655510
679360
57990
160677
571896
57471
642530
779960
835163
456803
765543
438080
147790
884872
467008
292064
800074
501184
747100
631076
237035
370398
996462
573786
215996
744929
906638
286217
568043
991036
132477
292562
683356
857278
678342
166178
785305
467171
941567
529426
434918
589430
240815
682395
503986
789217
919049
401401
666090
398547
202327
502747
979432
795980
157554
905923
6345
122952
48557
576256
838237
591174
402258
345734
412599
72307
581572
873895
95331
470392
146499
182896
889335
183709
84494
448162
779842
671960
207075
361676
888226
473142
497250
632194
298674
4709
702480
562236
829472
645723
725751
846092
655772
524455
700650
348861
55916
235218
567653
941509
897884
248881
24275
203624
462099
754954
468970
790697
266241
85537
834162
870188
159669
901790
959331
378221
389707
312412
544363
475991
852930
411344
449038
379650
122796
279252
289640
815884
288126
199887
683022
506195
371847
261507
574931
508748
768254
364339
719654
741763
399220
263663
788057
637039
305704
636094
913532
680945
973753
146534
906088
870505
517750
847130
677911
740853
8849
664769
390960
127815
128499
763103
634786
438242
948905
441826
780582
819185
11515
195467
892838
994628
994653
213431
230268
828456
919487
389258
11155
824161
854207
967799
154730
921990
746943
169069
880119
866746
871120
523105
567336
214146
634637
430132
887876
822152
972741
21122
411696
649195
435920
41286
530446
484417
493314
420845
194240
425194
163966
874038
301834
74066
310818
335426
113238
900290
657504
73469
482448
985315
572332
23785
787505
216465
346001
589764
729114
184984
616479
529430
795990
390030
897151
475865
497026
951501
350567
264452
132553
721482
547176
222966
306887
92759
361380
86652
623887
176497
713950
566143
94792
263367
846890
20941
792946
8
375491
102274
301638
599335
989499
200018
611900
418798
615501
969206
189862
269372
181710
75121
407802
124573
478146
757822
450285
228100
632779
496280
556282
355623
163325
540133
109057
344503
977229
796736
279181
65659
767015
747810
220718
755592
757214
355628
62917
883167
466750
719635
314974
17187
823037
354856
730615
291061
730768
941379
327455
356334
779419
230411
99834
145336
682816
556389
604065
649865
740441
612727
346086
375293
501120
989592
159925
6928
244555
230870
690966
478581
134549
363811
3534
555157
697591
92700
475941
949351
557462
580279
946179
724968
60054
182089
468084
964216
341549
274866
494475
19921
46866
483942
311842
610276
315667
761048
469631
128850
437958
390852
956178
835907
735319
502426
879706
442727
129345
435906
462824
542535
5144
922768
288956
60999
814850
101126
403851
155258
840390
539520
181922
537250
496124
244544
665060
696130
690916
18710
249519
659042
340243
487852
553821
581471
690184
521772
697831
425004
27485
778318
96099
171881
135705
229569
265710
261150
166242
687605
645284
69716
549584
826307
868428
370256
945244
32442
93137
891181
2487
220935
584235
147989
485623
581504
981277
778587
683884
198285
800215
212920
871953
204019
971579
680865
965150
984894
151484
53121
70971
348747
578275
239832
242638
665199
790252
150704
26933
836552
419853
141367
2256
121438
102230
87998
545973
313396
776755
721357
870727
762481
562511
282592
134496
413606
908563
686978
503467
482492
250956
533189
210383
550267
947883
709340
242502
908857
728485
404885
810764
12061
750011
384565
401714
103119
730452
73137
293457
292350
73478
77255
651164
582349
888627
533816
131791
71131
347728
270434
218820
437357
629697
543997
199204
249338
272480
296242
747642
138836
374685
100371
218275
989166
72383
833659
783266
663182
772233
219331
72656
654224
792888
218462
146352
371540
947944
935058
503393
502853
274453
963476
896812
201415
6847
445054
501757
438396
186087
333487
955951
271283
489591
148287
744512
368046
808062
398429
97636
536655
181017
749960
47285
897822
636973
163622
308743
500665
125584
511236
448794
816665
893063
978347
244201
324989
878058
658011
281119
286901
614244
727463
466665
365580
982295
537516
351718
141907
209564
864175
38268
938502
222696
521491
218052
862622
301386
28467
214309
800690
633232
932450
942142
504138
924618
317628
887677
820354
119974
702761
472077
877592
812666
690606
512812
599762
651681
424431
185818
371663
443708
111045
485485
444136
719322
485688
371714
48002
454962
119577
958094
149299
914765
281983
124306
881486
622913
508764
731565
705677
792279
557370
237963
573402
788494
275480
922619
965242
397369
501723
465055
505046
943491
57395
729532
21223
295891
189963
481137
590654
292874
569708
247749
287726
97961
974319
901529
947735
414032
220957
63420
800079
748321
796261
167645
397102
35267
903096
329691
677366
191043
28421
642361
663709
770772
709260
926893
85433
77687
345121
683735
936327
85110
616256
116751
518680
822794
950535
976151
179929
254108
55316
149360
282749
501800
248443
856392
656073
166846
888932
759312
174460
935522
851584
419756
960280
437268
803046
270084
387345
488810
169614
383864
300561
200473
388584
884656
798246
148498
474650
182032
778249
61576
250069
544587
921420
680016
335891
194191
514399
865058
414127
398110
512574
502460
670944
291197
365179
416230
266899
808965
825187
533968
448357
678870
823760
544151
305786
589867
963595
673702
43836
833801
717339
965753
977268
311890
777455
765885
481022
70646
228323
693588
396268
190793
636146
821301
451834
68271
217849
530671
562729
599987
56036
83341
433466
810999
966199
601621
630472
800262
969147
447915
677570
799045
312963
597203
587268
20744
867737
681236
227026
852738
74314
356407
419825
718356
240587
565103
957153
967046
509767
515922
10426
957907
32838
124357
877793
459294
81019
830711
953128
863619
807594
932548
157120
67977
627572
129017
993755
203443
884928
371447
263778
664693
162504
142576
17104
354308
478077
822223
198697
612358
524440
73204
410971
486377
954367
663709
844975
606416
776208
692704
479660
986855
824908
851412
94921
46039
358499
392592
392076
10069
358168
682315
362819
440725
557200
946403
557918
153309
542717
528377
589287
570548
765537
483065
69984
374521
75586
498167
750392
663695
970921
966197
118697
853174
785622
541697
601457
893045
532355
842427
183530
804147
937555
205556
603464
361638
413591
892210
875311
115938
909565
270097
14255
897747
78486
775236
349085
276166
832834
53880
727695
720161
159035
249049
953843
486259
848442
194413
716620
134310
780169
915551
363787
571601
20966
932887
507974
64298
676241
50820
81751
571417
256819
783163
538324
216615
191019
843897
905126
4117
443894
774340
997320
468041
399737
259440
32030
619684
292142
628030
405871
122095
804265
887135
855617
655923
537350
395094
598672
685927
440945
858747
703146
99972
590930
502299
162666
645109
898131
799229
555343
486954
339215
995072
854904
964812
129816
808672
471422
960523
537317
435223
288174
416210
7639
571680
469281
888412
654118
544278
184250
648544
362028
981947
807100
893288
538510
191382
53829
933568
698691
198963
314027
213833
35330
817934
981810
359149
506764
540362
467175
827373
598291
113756
124955
629398
249670
520389
323583
462866
993850
219196
117081
376346
755702
980393
612513
269065
873883
624910
470010
421132
560110
869057
506064
785206
224964
439444
375562
453424
155337
857749
485932
198925
216428
152240
295565
381180
829738
31411
796463
238039
422262
772010
877824
171480
650754
868137
28012
107306
762477
899048
61085
618717
69257
284232
666448
206260
472839
707636
667797
426329
575746
682787
972643
202353
390884
583673
164565
461769
80825
688973
518021
399023
698318
343558
565636
539102
84357
506910
122675
793553
527289
212168
898689
160376
809544
570350
902209
351688
128193
936723
513062
163117
759083
821592
278814
914139
270640
912090
402825
522690
92901
780792
860373
284768
375479
267314
150264
736240
410611
862509
689096
443584
392817
405779
429114
381216
124254
805015
589365
820342
712165
852182
979602
909487
497082
161689
455923
247888
215043
637815
265853
526506
758883
564503
502643
868844
852515
89172
760560
671827
239743
643769
58881
726268
653963
327787
509084
845465
40640
717990
564993
150530
70951
87967
749356
984035
29921
508297
335668
474708
830097
541364
244163
141510
270502
641295
394674
759192
871688
264974
104065
612297
4510
771623
75888
680456
691578
537910
76924
337576
31202
591744
556217
235887
552892
166996
646985
232590
322965
768781
573494
445034
238670
114997
638194
411865
904035
982340
893992
236648
552025
957510
21118
172953
993732
648986
387306
679082
158258
900822
743086
319824
131959
980040
653361
454723
467670
870232
265532
155570
583433
776137
397197
475736
195630
752926
636059
987174
419470
676889
817831
590432
869962
27614
170044
631236
725604
489655
278019
158372
781863
808881
48773
114581
218036
273827
667197
967232
987691
383374
921113
260886
504114
395232
704333
291488
469605
605523
701396
914932
749530
784114
570309
747139
256847
542972
265102
591184
173683
219105
404559
788603
986446
554217
709333
226043
701645
921652
268721
857003
331566
668636
351413
540795
779716
784438
60938
245895
200487
643128
45809
737668
556860
906612
250068
294807
545693
160899
961864
904384
267236
950653
556002
181043
614553
650532
878579
484743
903733
177248
627489
309575
520595
97765
579683
141607
768498
554481
499992
629584
810985
932913
862341
473116
309992
449411
316713
898590
649254
832598
360767
909400
826029
262446
281744
618192
819774
787908
659506
462332
749921
370826
414240
667994
188430
408268
137015
771804
459249
435506
639435
643585
24734
125346
610852
448127
260177
953474
303128
366236
423840
963163
707142
993116
834879
271833
95276
869269
805936
966255
857958
94686
303621
740247
720324
107174
225363
273719
901062
753953
518133
390431
148983
525084
438458
22895
646179
48306
675372
729174
890357
301399
395262
925749
964146
986897
54545
125025
995788
414535
23971
483784
564452
26226
41684
269547
374111
570800
828630
877129
776675
782327
837105
785564
987439
305766
200689
587260
865493
288695
302125
531554
290004
890385
154164
966088
843798
851962
423317
382251
598466
820266
829899
202226
142463
293371
869123
152745
527047
425148
321932
483942
992995
807972
965978
942092
152329
304291
146423
447086
665742
816532
822983
19211
825673
211343
129846
42935
129158
617820
925760
105627
615332
620674
84124
797907
332300
147453
39878
748661
898318
310029
577192
534449
856921
760299
562404
810260
552855
185943
685504
164327
952995
218700
639919
804020
789224
709589
935352
960744
323799
257082
670405
38740
330308
186962
146443
609678
859550
700412
783952
30196
674697
157609
9310
252176
443162
167184
339970
409943
329774
691013
532481
680972
978215
244900
718681
702722
208644
129959
607407
987326
337692
747927
532698
390842
39287
554272
394122
505414
610057
324413
160726
720842
389132
88210
303970
189926
355129
356888
903401
41082
494818
93874
706541
73473
159535
433631
144696
161112
112755
295177
64781
312797
304170
40250
327024
680051
935378
46446
102991
992545
891234
710723
396620
311194
748843
310476
718440
4375
422410
493062
212685
162400
918919
650914
987384
389419
796366
523073
354369
847387
871047
628670
363400
928105
466004
758500
191166
828320
959143
597056
851597
634562
259901
296978
285413
246344
795002
480285
435556
455751
854626
962654
385249
589038
58225
459033
477654
177452
802713
330190
914407
352686
63062
621515
555411
795782
290671
226459
983478
635559
675787
835548
288376
358733
240236
837358
40214
124090
430157
449544
268683
636058
560788
923940
512602
776712
708788
655834
203067
844713
685155
447435
623712
707958
841138
592884
573922
87448
7566
941282
278029
119980
921105
65860
421892
4390
386246
824796
822547
867793
989816
637264
707279
167668
179765
592989
429484
522897
819172
579435
335451
609415
638144
793211
712349
426263
240944
329212
525481
615427
54277
558782
117750
721234
637903
395710
274086
311473
587164
990687
657679
40883
501902
241466
862502
303417
858008
43084
562890
270893
495253
851726
937131
601064
433029
594402
617813
779636
730660
951465
589981
298411
264937
524209
587558
853438
997528
241996
540240
116946
168324
820156
543423
685060
23077
909834
851523
193293
869201
422453
602793
151041
383066
257736
746461
431922
875333
222660
54586
699505
511714
824637
426416
435700
549389
279681
243601
804627
613759
84978
644664
475117
882129
530357
396118
620263
277391
545539
951066
85332
301301
652253
285437
370097
407369
130204
164583
40007
990356
397350
693697
977075
541822
597245
440792
917378
863493
404529
493290
953398
558170
467766
319441
18534
530968
998928
771849
464577
208289
826539
255072
45939
618199
993799
31033
141536
371892
144720
603452
199565
875143
693195
972062
407390
989452
733997
305160
792122
55782
12166
151590
528202
533243
277274
997135
693729
160108
318992
457548
919670
931056
376388
552519
196172
903244
96055
661330
578482
170033
456550
165904
335782
213362
610808
577220
880533
730720
309264
175284
189182
652419
949059
13497
938548
781559
917667
275622
868354
235362
689850
92051
972392
82254
877459
807493
434756
428327
428721
487931
578508
798738
731683
556183
294392
972903
755695
676328
383805
375821
679275
257552
245171
838641
831980
668182
197912
701795
569045
745931
616941
907085
515985
467729
780158
85968
90395
761292
291519
257660
777338
996841
122002
106732
683083
453318
226214
380860
645558
173373
852921
788841
996867
74512
803261
25667
920069
231218
598425
619025
920372
794096
541574
840705
743641
214907
858010
784330
881378
234898
620386
856992
444117
420112
758631
444051
919393
565903
681299
335941
724176
227000
581357
653446
539545
916137
568129
65038
727059
867521
281051
392662
504003
864139
189425
584531
405718
617796
112992
952144
671978
389962
939151
221158
157958
740196
762096
660379
717099
51624
334373
294485
807362
378317
380607
81017
396468
734990
582369
532069
533720
683318
90243
564230
988103
564238
37906
504086
600460
911329
663861
273909
962232
853673
223275
908963
722898
359384
571088
390232
203243
879812
50687
593920
382670
390255
880336
133847
1430
612658
707714
689436
575067
474246
422196
375477
619716
913903
527630
737375
416832
676806
442685
655887
178192
736737
248347
694506
146812
5729
513004
719646
494310
715351
66820
602651
308475
696915
448647
586994
992069
604683
845961
454472
709533
907877
292180
875382
462206
303522
728391
233025
424501
718438
516379
451505
109045
547944
870209
995024
770184
754994
584935
139712
114847
974549
348378
921849
883146
15405
383046
925343
464131
705804
164696
661052
279268
817094
330052
766687
430521
78553
569314
842064
143216
973302
386355
570862
217773
936432
951874
627752
744314
34368
713638
848916
954012
918707
709796
962735
764544
731185
172465
128370
970196
259114
193557
678029
321587
640478
125674
570242
702584
450569
571204
459873
495028
33002
393643
568988
992314
814191
679043
630726
509591
513279
523725
924077
534559
723427
111046
444944
259618
733330
29997
239166
429822
969175
212706
485774
520590
973537
437098
783605
666880
934823
273871
123655
752261
116982
36708
487373
719329
986136
456998
510719
688610
590435
486718
807390
754349
814555
651044
270384
529715
154116
947613
237529
914947
711881
224421
978451
157114
652482
748647
455562
475093
663718
616616
421719
501031
624845
492868
706966
200358
964191
745169
71462
881247
153503
225504
563964
456650
49038
770658
514404
616952
525821
603366
115542
666856
111795
53376
273457
151674
497910
626374
820310
516475
677754
530036
112996
649567
722083
601455
136203
86796
354361
54822
636303
423634
131239
585173
586267
956601
580656
119716
563519
386292
358191
790572
191816
53809
399880
579097
730235
7634
623729
70570
798510
497269
190487
931925
607426
255855
472110
370696
377792
379288
427800
269963
851151
147200
122033
891969
69072
494592
865013
731726
952214
805034
133135
601362
438917
309282
973311
744274
492614
625350
856934
600248
8932
605385
216497
516273
238342
145373
452640
77172
616073
774862
297586
713123
849145
938092
913007
44041
251437
514977
22353
248132
411708
654369
687376
230332
173343
145470
752009
400913
838629
853019
271690
203859
163341
985785
206076
397290
846659
184621
983789
438038
679354
629426
763130
887185
610082
813019
591894
692177
174470
937121
503161
450282
519686
480218
495975
467151
438572
729163
753627
644921
792236
294036
317904
283616
553725
530057
624685
481126
673422
410146
389579
179603
659303
186248
662180
641979
34397
991695
967705
801404
75313
251779
176991
488100
143750
623323
892872
907375
397822
951115
14314
537581
255088
596341
482350
237122
824647
460351
408311
339783
498746
297024
674924
391247
287075
968851
570340
16900
342719
191374
649581
818927
747841
577101
946105
769302
904083
906855
290406
237759
27434
992386
48040
602899
465604
416515
191445
98014
936065
96669
978061
230963
154523
366475
399556
661229
866500
956249
426414
279375
608219
695963
918086
641165
186762
572673
174778
512612
978878
886915
74230
239780
696068
445814
429707
358990
716477
185985
664828
395672
796798
549353
548901
103757
799878
481991
516489
997841
833180
471644
890806
384642
98181
451003
771031
317947
551263
313188
381782
157746
445341
793265
177068
31169
397344
440105
204230
592642
562990
297267
977877
492179
637521
13156
546675
750264
537679
902841
727533
597856
615937
657248
49600
846482
514993
729045
490396
542870
85562
166785
275876
447108
32951
876923
796731
835602
482593
419405
700626
355179
961501
140437
138355
603472
568277
835625
975770
277448
640548
417828
269501
509701
407851
346386
215277
420821
569281
299316
467861
422977
916743
243312
885918
380870
900504
110616
920693
714157
304608
648277
192420
613641
551428
835440
990685
21261
484863
407036
431190
422983
474637
107428
415309
654525
276031
121421
156077
502626
620783
748135
685705
706229
253902
378581
238597
876727
785625
658934
91988
843975
811050
471760
841435
310939
550251
239129
994485
434461
67173
172705
398672
904480
820406
932831
440564
320381
254369
698646
461284
694414
24896
113379
285789
748295
342612
54374
39035
379500
620157
749003
196603
487538
163397
48884
481307
447606
953238
952132
531742
247892
99340
892491
337579
969958
157861
645577
232665
692821
465569
146998
976301
537718
264156
979700
107593
659293
681942
169829
7416
887944
44617
346383
39492
417843
65524
836232
599149
987786
463079
467900
238790
150904
370222
252813
223085
541597
287959
399189
490917
994975
828066
222087
488082
106712
912965
132787
899536
139757
727257
336296
429999
292222
119204
498675
393423
264185
836163
225286
724949
991881
337524
159540
62215
647468
881790
372569
165578
442915
124157
474903
338933
449474
412750
319163
607633
854183
707731
65533
146735
880263
619235
597734
121446
985892
251345
441356
645416
352539
816856
620921
399105
839961
841312
132074
172395
735726
609967
779251
757072
189242
444719
505792
299165
389379
518743
746870
125950
282857
629177
575735
481468
183729
568296
951684
633201
8381
219268
754238
32804
720796
624036
65093
401285
396350
354654
234689
803718
848192
56693
637247
28627
448358
142816
52979
256624
421286
44339
156252
169454
92513
17133
808837
98826
594797
553437
869607
111202
801741
385201
5036
627925
293570
144412
603086
180470
614202
253347
661534
818603
676775
363973
53729
328168
113707
967621
358020
564143
179413
144785
644085
735059
418529
152842
545773
698304
834101
140273
963152
802521
909515
634298
914256
63631
19893
927800
129639
563923
351779
802980
33264
329703
514130
372797
37795
169102
745681
13385
442155
359714
219889
441785
419750
613380
613385
579498
989816
70125
499747
344456
737740
727331
574855
558541
437672
148616
223585
123495
315116
107085
140113
348664
992103
282819
151248
266167
857622
216146
697658
449588
187450
474498
919036
31480
265493
567671
364378
10058
545601
795194
642333
186382
186604
548657
838168
266121
470899
726449
207062
505536
435098
696042
903394
514941
285414
645057
634803
159091
626903
817531
723057
689721
823430
273300
993512
373810
172182
842032
926152
192718
277338
686953
566486
776617
956483
320967
492724
311185
687684
329677
844359
206757
880004
557424
53066
295192
184895
669219
714479
903765
293434
404941
845741
436989
657441
786140
395179
79243
98879
18419
729159
441113
742808
237503
589891
869820
431398
991399
525324
816713
366511
855010
594409
343483
342143
583074
118397
383597
371527
511534
986232
984193
838482
748109
496608
221795
969120
293982
57783
583208
335649
332741
757834
466256
16975
589312
914070
602986
433960
28055
197975
728471
636743
611634
558318
280998
559902
219332
106926
154463
46674
949093
2243
739611
735539
308606
571519
24272
432663
627933
311298
921707
741010
958313
332230
200342
518803
237615
987269
639513
331422
418394
63111
110748
672545
986626
624267
125835
774774
965659
786449
315026
521076
51726
31298
282887
77170
220196
777341
293160
677914
283487
418303
892089
628517
253219
904110
485072
219576
885201
68546
748332
615323
34293
464913
356543
60050
698197
925493
219404
675738
322538
237916
130155
219777
491627
571179
306666
621218
55812
753232
102862
608188
117414
392483
380407
848111
811512
158391
882657
523602
446123
767619
337926
336819
883563
941480
341409
465132
149681
131167
505614
507422
995893
813505
673358
295757
807425
125937
715302
21464
933665
61801
739558
275155
892406
677536
41223
810947
223594
841621
351342
242997
201790
622395
556237
48315
244480
400513
811881
56196
305944
854141
252662
829143
387264
914676
911326
463276
756948
924488
111840
10343
730111
759295
7253
895986
437077
173612
144014
447349
862463
412156
494554
146741
556945
881183
116516
149830
137720
457488
462840
227566
801359
956995
616102
306904
954960
142699
102207
21682
657127
616677
463613
118947
631650
580932
413823
42028
522885
287673
321073
239066
575355
672095
223626
22053
46119
224481
336239
610857
746711
416521
765813
110590
472090
7653
268675
738038
860968
752791
27414
713394
779904
525114
368159
127073
375439
541741
11591
2454
585356
233277
834834
700997
368545
868083
961441
473563
456323
76982
869266
227767
77282
381023
740930
254536
152636
535192
191538
559748
907084
997103
733383
27074
735265
63805
301547
272564
828937
636205
183314
254021
515052
256171
975639
806411
899444
904683
776004
103977
585770
571731
651056
158596
180188
654214
192387
193312
380346
533326
48597
557590
305857
353061
910645
563892
393935
941472
16070
354225
225364
600569
566339
73099
711081
691063
299042
57855
125371
764988
54935
530660
151520
424619
20783
542437
31178
73204
789469
247385
364185
247741
787666
705025
191690
477038
848261
750877
444365
498969
51154
528619
672885
159493
503934
835581
916937
558678
58969
788982
563383
240026
44476
169249
849512
624562
23794
461613
941231
280091
160115
48009
443226
145688
759308
523032
162987
174206
541914
35601
293153
700571
132020
438
450415
884420
471273
393647
671694
281402
964063
242883
386670
799992
609306
467634
661639
386844
538141
308593
820559
377583
379115
943810
129540
234835
676966
152560
302824
577352
828313
689572
665165
971931
943185
537575
962694
405483
126693
689461
510845
70041
162583
430394
33891
159819
627923
325228
668034
405789
450644
110148
743854
37990
756262
31578
837018
80738
414918
979740
263366
727425
287717
282282
612502
528395
175243
101777
129150
980398
886681
445731
462362
461862
485095
117744
138714
797255
223308
28003
622747
115882
591611
903418
918352
480370
280778
102115
612831
591802
294671
424880
606792
42909
525603
378423
125056
582689
881096
49289
203100
737024
995303
544141
645225
849877
981105
143224
70424
354592
727272
336106
649110
957877
431670
742184
567610
352007
202171
210290
940376
19213
176484
800577
366578
576463
287862
69279
731662
42959
719915
381666
737315
756566
731827
480646
163181
359642
229851
477670
212960
25609
251147
505495
567673
784180
341033
951266
669039
92507
816412
225563
773769
338833
941227
300898
545161
644044
987843
14710
670150
704651
994199
566577
914519
993956
596450
574052
650027
684585
297864
868687
887734
55094
670042
691069
925574
301914
225337
592890
25396
136800
421266
359538
996661
717241
973575
641448
799248
339399
34222
352015
47978
736520
476466
310665
442493
326301
536087
735097
626471
105334
666908
588423
433119
543709
148025
989487
142146
589851
207560
501318
706379
51722
378816
321163
596258
876089
388379
765094
61515
290229
570714
664448
22719
791290
643487
549566
428568
634742
213687
472475
926757
180150
743291
405344
574877
816368
142283
92419
806897
718444
588411
594842
20410
609615
510666
383546
810706
155077
192973
165872
382654
430538
500267
914715
103945
410454
151105
357284
236972
883555
964774
328540
551336
488540
723080
790384
404214
259491
301045
514059
708182
345599
16310
272393
529477
762785
855062
496659
573450
793361
905216
376667
62638
981946
437446
209206
311435
922894
749310
458257
423677
781719
19527
846289
491190
562332
136809
59659
483246
74604
487642
814620
334391
997321
805021
120231
372142
940532
534662
507881
251085
524050
460312
493306
231262
836728
494351
174371
69258
382936
823417
756886
39632
474439
510206
220750
527249
517098
815489
326404
852423
598909
632927
594315
785686
775039
9941
637833
531515
992318
306366
813970
776289
452538
606073
927842
70738
280633
896617
712887
472522
256934
539030
535177
11496
202663
456688
30695
452414
543994
438004
781935
420103
542218
713832
836138
609208
362260
652032
306562
280559
708208
705443
539104
139656
51711
554247
649190
971215
84720
498360
692102
126479
731054
31352
537021
54281
90666
243009
269232
334080
428992
467110
589601
803121
209096
109335
600910
946721
294396
216771
128486
866702
116289
584280
242473
113095
88148
185702
652955
426456
936978
643553
692132
587229
865700
132869
720583
497975
967045
202836
742141
199261
834417
797627
591405
713034
702763
500819
5707
671124
44267
235331
122442
595805
357347
951106
217343
495650
214253
511674
885908
280689
726611
828232
104485
694903
723962
341600
511802
646071
633899
728654
26721
694807
960703
662423
758440
80789
532455
182526
70900
933526
566998
722530
159425
769887
689355
399556
705207
9117
229758
558055
46821
781022
135398
356304
741276
90210
444837
549741
660587
178892
751185
842706
602162
202931
199392
348702
839525
276118
366063
981820
948703
568364
948015
147974
853344
573272
363565
838211
217765
199739
852540
218321
743843
882916
147136
665374
409439
74402
257754
274512
598125
474363
783723
553285
56771
899125
2823
139380
786360
712529
571768
491442
856799
360023
92204
780305
242042
681677
852412
196515
290333
538753
929881
333276
881057
459334
864149
711573
962817
234363
925515
2221
331476
973574
334445
927498
564839
428896
843176
966653
925942
383498
872246
460612
975239
396446
967104
48297
490980
950528
14445
947015
375795
979955
675403
837548
663219
762952
209177
508058
704789
894769
644910
67240
2805
45555
252874
465734
924019
748922
290104
486878
811378
784262
336924
530837
113837
88003
469022
824112
518001
760823
192819
283860
104571
781525
477253
649253
247918
210286
901631
206160
432305
171847
375734
160549
338723
347781
999031
454236
731516
332293
694057
253177
885377
895624
519519
999753
728355
273356
875901
657996
444533
411510
767171
954093
266888
784874
52091
593708
885093
967933
384635
428316
699623
566786
692888
856840
313330
653185
331623
743281
284308
923718
668081
243955
854838
487957
384562
158598
223550
121403
726862
902431
164101
267519
475537
130742
128368
794232
882913
521251
318445
860728
510083
947426
821580
611686
387014
771189
734071
238314
317071
248745
3728
626113
462722
619952
296357
905456
379211
879725
252178
505748
419334
983951
639156
372568
771409
265748
337093
609473
773739
491823
190553
598371
625417
781509
612916
957047
300789
734288
492230
672580
466595
911974
133124
217017
106706
771796
5539
752349
843099
6692
71923
757021
330970
851839
249815
850308
114358
723051
909277
643338
335310
800820
193534
774915
32897
667497
154547
93560
750234
597246
703537
234067
390359
154127
57988
985715
186004
563396
93572
124768
47129
896271
545461
822296
495613
123538
34433
253896
34165
456926
642890
544726
136701
326423
608943
768475
719777
754099
73885
31790
312488
87649
127887
693723
30622
17734
121187
643571
225149
963938
376666
97405
439479
730321
198444
286026
804067
988718
367622
187559
259329
19538
642593
86251
526315
816314
789440
799343
977307
320967
204934
34397
67795
778846
962801
726113
830189
639215
871351
526141
125183
326675
316539
337593
233130
77711
338860
379831
889728
744630
497403
491045
619087
31978
239927
377995
413134
626691
898886
953732
937827
716936
246082
371657
306063
496025
719789
655849
94327
55792
610131
417557
949136
990908
999035
457815
618853
644333
299721
337443
957256
90126
166963
16198
9811
148043
606558
992699
168281
655380
594196
431324
288111
324570
895780
129526
171280
548087
252439
412341
673521
245226
954378
248446
18850
596159
565677
528348
705246
789517
775830
640401
296111
567321
964739
580878
134912
703513
730090
900799
741569
956178
31039
627645
97009
129314
855106
8295
221451
781850
703873
722123
486863
950915
664497
801661
941099
752258
101605
295626
796806
746902
185769
256071
737130
761917
791806
998658
694667
87094
501169
669722
192696
932834
713178
21995
655837
413060
504430
690145
991794
880295
573250
91246
719108
419679
487709
356950
624926
872551
41848
44391
170132
644394
611604
184647
310315
683869
606648
802213
94824
313225
293958
701970
790260
148838
345529
383848
531176
117731
701694
680936
408059
130307
897835
541602
891077
761377
365600
343437
417583
813972
648441
681910
384378
97773
960045
384021
296616
775901
221830
493436
376203
636660
108861
57577
558120
396740
850993
752122
630406
653412
869252
302656
268505
401744
325202
973804
185478
286638
944015
898341
395219
327403
809660
531388
442669
832324
21446
814327
611732
265889
861691
519946
244839
434331
110505
831716
389575
252447
874645
314660
381547
56362
849493
996588
477888
497908
915467
512910
64314
433705
643454
466212
321212
184082
975510
700284
618592
616467
266612
49647
453091
598029
386412
261971
872176
259811
891488
280198
576199
921754
647930
995179
89354
977114
303749
907953
579044
299089
833641
284494
207127
189751
933697
304396
693856
563244
997082
772282
68232
354237
90507
140227
278858
593413
178988
712923
664988
34224
549620
271189
2588
55515
725747
907729
274904
18455
461736
846675
160378
826573
255680
271664
642702
715771
234348
963618
912626
893788
36765
172282
976473
136934
761055
590900
631867
434669
214927
366566
517917
893413
941882
131987
592248
889732
469076
584028
675081
1606
479698
267990
371636
1610
197348
667831
816086
204314
986898
805609
631910
630152
349618
495297
266822
126579
396612
459209
746540
569321
343914
954489
290471
269671
882695
822021
582929
837947
596722
133712
872720
522
181783
858110
799240
324846
458666
146919
267297
169719
287305
365031
200624
613011
717358
384466
649284
78408
34061
184197
517071
149789
139728
684503
413808
47961
322669
402799
471321
408547
384480
464879
455842
820744
730250
139726
253673
316123
621990
178372
728995
422135
304548
297502
191172
495008
204452
307569
780807
309640
209232
502187
248602
941165
60246
231237
754666
505759
216961
899476
787206
90720
966131
601087
323890
697316
744321
68107
563595
391095
67563
423122
999377
892286
161590
655571
243222
6037
985064
137378
247426
143768
340512
60544
736961
987645
757455
645893
961929
294687
694231
8442
536971
467221
732798
640387
621173
51713
60430
647033
732962
883749
559053
429078
488735
721775
700436
848906
735195
447061
237391
859434
142634
284763
879504
634760
647734
73778
952272
149021
233859
722106
947906
131107
541980
8360
350485
483776
621087
435139
130439
633436
686626
87496
395617
54739
221121
171438
644179
834310
901382
990788
847212
567308
565555
248566
330293
76230
805678
715438
139243
809745
888073
623575
460760
188308
864558
380220
425037
598136
433764
883663
224766
196471
248128
507590
133946
708686
993322
827936
94085
924556
842187
210886
244244
519885
166288
240844
682916
830656
619934
11030
405111
526243
515730
888087
468140
408080
96115
499509
236218
286961
148151
655945
306184
214352
804078
935874
295084
702729
374479
562985
70847
990560
816478
901695
211226
486127
480246
59330
486511
703480
550392
604174
815621
958105
454800
737697
689105
312285
412769
684407
668270
60975
633997
350100
94074
460201
168034
933088
641228
519050
993828
339884
743701
184262
106931
93779
629586
217272
989529
860667
49259
646899
160818
375803
275947
825334
585912
110870
812573
225661
813226
421222
595135
581940
909081
239636
348390
425671
614607
68100
149870
158292
54620
739981
285467
54850
971262
490789
714193
592043
973292
82652
598124
342965
245823
345855
665021
479358
257982
185757
382178
336565
640516
357862
76609
575558
166352
668399
860448
680749
629417
950225
779940
401644
299692
950898
931813
283799
297268
938651
348202
987405
921636
649224
179846
390017
28243
755327
574286
4214
405589
687064
207221
960009
900450
298651
525511
546472
333606
599174
212478
93345
345637
731053
484356
153877
974280
794812
51974
133387
376455
897817
743473
871392
320245
945316
489037
88988
332259
325216
287666
589729
763442
783787
303146
868733
282169
975017
104037
102622
809422
254015
145875
363045
696373
268539
727138
184019
469411
316625
521812
128480
250669
464193
782843
941610
580306
878228
437524
898442
55841
826628
398654
271363
305289
607035
390805
564948
8123
850228
574768
925101
182589
293758
730931
283838
220942
244255
599761
496042
348082
928533
690081
517210
340825
844088
73500
649327
306480
806971
683505
718415
390019
696977
635909
556513
779917
554924
892554
881747
288030
150944
962619
249240
676839
252774
596209
804656
37925
491965
794917
64479
437544
565419
385411
317759
903359
926882
845735
654769
579330
688957
254774
483247
370172
967337
809628
515581
20659
250273
421725
459774
733076
449169
155098
344035
128128
414812
122915
400638
151981
795705
441139
683701
598714
913016
745420
725777
30420
279011
562800
282486
190270
382079
393401
779437
403072
915762
64534
628701
737518
991038
317986
37209
341395
471019
764450
182675
589115
395012
84443
595053
280282
801079
180366
182128
816412
228640
602897
107926
412362
752031
147212
326145
923669
262245
298252
321551
347971
221070
573767
482757
729971
696936
774189
549608
411086
906835
477159
13290
433484
359232
669166
988161
463648
43227
73675
266452
999426
554821
981543
323343
931415
479290
114382
337047
209726
996306
23556
838679
155193
136931
251972
485687
935222
119875
780177
108462
24506
127979
632635
669870
283689
236983
111921
822270
909876
506250
331709
861606
748575
689038
279584
180291
344685
519385
322698
909242
889899
179499
569654
818953
124183
551956
229408
882041
995243
197746
887012
855024
427401
159704
838324
234339
275012
604363
610614
21032
360136
233894
226104
721001
122024
964573
628369
188021
602114
888222
598229
186736
222289
997459
835444
246379
202703
971972
508783
524174
110213
57562
690040
594738
626480
175166
232230
53259
626705
240480
851538
346690
432850
602516
21841
441313
564816
820182
422477
378408
221065
721518
426818
596221
712164
334511
377491
163007
356439
584537
670534
755387
443448
161950
550627
790583
718308
310914
330916
425836
647558
641307
401561
482514
327109
63544
992475
551315
221196
180894
763178
69985
426679
374958
37158
801891
535255
971938
128934
674378
979746
598454
957049
950595
361786
817571
232951
402437
985688
389062
41282
228297
499477
272416
127262
782234
19925
64566
423595
390786
378448
594905
465851
119972
799806
556672
583956
656872
720799
101713
179779
394768
925860
181886
372635
5418
998525
467148
99593
52638
307136
59055
774165
856743
460914
426322
964599
395614
921142
472627
182803
841458
940687
247018
784531
602356
141652
946441
303840
638351
188975
446559
294973
172181
61905
773591
64320
293492
978870
637758
320301
135687
170320
231650
107248
328393
784787
491669
329975
28324
407708
594385
441450
200871
387007
597365
569608
457623
911403
428974
575135
148508
253756
375345
781288
351260
443357
861924
267452
826917
788056
90972
123191
574276
129404
546945
680616
413875
703402
703118
718321
692398
913724
796597
315714
777446
406737
576544
436972
666639
847865
683089
532132
782804
660026
363178
190103
381355
980605
235081
564836
884930
203864
80203
961019
584856
415417
36530
125264
346153
511531
41441
622459
992897
285384
207108
77679
857394
822844
275212
174101
298081
98673
966744
746756
13114
537052
577647
918047
348036
757668
150058
743372
558286
117098
777199
916108
736713
794297
466839
577084
593200
763788
163377
992295
921505
789814
885344
63750
327439
290546
255519
673941
596369
213383
741605
170386
903634
853527
424228
447317
849771
810309
940139
800711
532942
736577
969259
889536
824345
676082
164054
936385
658250
33790
161571
80714
768082
421497
753198
924122
22210
447591
775229
171137
524898
513328
395358
855651
561761
887071
472556
712779
412518
170774
704624
196585
887557
698450
343843
447210
98765
118935
167377
582066
492862
820344
510874
862009
408343
699077
897299
635007
472718
578129
215433
907949
768025
776286
516133
938378
268905
31784
989035
526998
85943
659339
691805
286854
195703
690833
880380
646429
312104
306332
929262
347684
937549
531756
688123
189830
774902
857870
697073
335562
150583
277282
420968
716973
671994
428743
617504
752347
829937
783781
850310
550282
257443
655062
476758
871412
478376
786545
607450
486639
251952
631669
598736
984874
644413
519055
814761
789318
737137
630856
677038
443918
276865
825551
211709
517205
160969
471198
382898
818667
988090
32074
579425
900411
33326
515244
185215
408452
559324
454696
787296
111730
860071
739671
47898
855960
321681
350869
423881
694413
615373
261864
381100
179680
512177
367691
773869
112440
690122
427415
942334
935245
254730
880269
632031
274685
256028
425026
610364
571532
819736
698599
498418
381819
906258
978996
30578
146627
649549
490033
897278
715566
136589
139937
389329
718355
760458
801419
771228
968428
592064
59430
668586
173589
641059
486176
968804
777060
350128
26507
343025
727711
806687
872548
710901
680222
410101
73282
855227
758718
132406
277272
863405
836287
442679
313063
676864
268603
468496
634115
401773
874116
878576
524735
456601
459352
837388
301431
296150
224899
608176
830843
245698
823890
175542
690323
178061
442735
454355
556212
837145
272158
753166
832957
428858
509267
671053
394158
507740
912237
261128
902182
978052
32595
50142
430038
555055
994794
359750
845384
44054
546352
239902
573382
587155
325048
35167
814440
788125
569282
262578
425022
363055
586998
818715
167829
272648
528509
38740
444522
860171
301628
817461
91113
649158
872622
909838
712736
881167
846749
78679
395333
692107
788157
90175
671904
259272
331749
725216
735254
412106
943403
250132
139796
473379
569178
803681
858964
24955
219283
433423
929423
354032
54461
50075
601855
97366
67818
254212
386256
371295
343816
198978
727394
603734
763136
440470
791421
981446
462126
283645
165394
531831
899518
692286
259434
318488
990879
352611
869294
188536
269479
24324
356818
520494
554947
361726
799646
245593
145625
535811
276634
298434
155388
785163
290069
823070
660939
544489
897618
809263
331366
607928
691344
429577
798030
45556
907061
452786
827417
116965
866966
664739
780686
994485
86309
279531
485091
917603
576440
135731
689488
115280
73906
207260
696271
476279
781264
445444
814835
730938
933202
245224
181218
110295
71171
190563
31857
304377
2919
68181
463194
495787
237313
338527
58780
678439
984766
308618
213360
864269
881345
686983
294307
354287
662156
234321
115028
393545
386951
819695
595276
273166
81009
235477
335925
517597
724000
136234
689849
429266
228598
130789
737848
564025
660066
915280
75173
304926
55952
815535
913406
596864
411822
206842
115110
650852
542364
980357
771424
851845
743408
422209
746922
760552
68259
605083
644660
943182
251163
782978
4475
424771
660629
777158
385095
904532
248366
234844
634877
792158
916815
973438
89250
456640
207475
167599
554541
675250
468503
62108
585030
486063
175549
464670
983265
302158
475804
477404
750386
358127
796263
68110
136268
5264
397048
842652
762714
209471
416537
739236
346040
919210
927663
309083
797807
25810
986372
866315
125323
672222
496559
823802
101851
926540
560738
304363
24709
264834
252048
99326
959683
916227
436921
650354
677118
296061
624403
2187
40645
654591
178839
966670
616426
295239
489125
884138
310585
852729
187732
768561
418838
192684
541146
440707
301298
274911
501396
6411
312489
614665
682804
683299
357244
612942
350020
444883
359526
638733
259483
43127
712925
722774
144283
879102
549478
574009
574755
782478
341909
610874
437016
219269
248672
375392
50699
796827
55775
645420
704839
610467
747811
152615
984058
138864
423216
445269
459582
814613
779032
595269
547842
815940
953269
604234
105945
19863
932738
917188
430431
906925
363478
466135
717380
517229
965695
10942
870134
460326
75895
990264
573807
327319
8710
59168
932440
821002
640499
291098
505304
930651
511912
376553
687998
702550
876257
209502
711879
439422
478672
801067
443980
180074
518161
165334
800011
513291
849989
351945
705744
629320
213965
539462
36927
145610
88357
463991
85889
618900
957722
289507
495625
756297
925930
469693
961474
507729
609462
177303
763223
712855
255974
39348
312414
21866
940249
914810
609762
899267
223367
58374
744843
208102
449334
41114
524460
48353
665813
840945
74729
610609
627705
489588
548739
814660
837297
853189
888514
573850
336584
913464
12157
45572
856918
665697
699529
133135
773059
431176
653436
955130
638746
954489
361309
173858
133893
452664
380202
90495
312683
264594
933892
156231
130530
934799
248955
481712
377043
796484
824242
449491
20713
402693
783279
954412
722485
516023
387329
72254
691106
847555
965134
725267
306448
888230
492216
270049
501199
145125
189740
504520
597625
753694
21895
360760
857644
146682
809252
95664
670882
632895
645894
395873
778479
757058
382239
102385
236247
121465
754299
366683
956106
791983
630604
45491
48317
467600
616722
859463
403046
492900
642983
346978
928660
763609
46372
524522
364200
847864
134708
75433
761204
378554
396851
669160
738094
570036
876866
774199
8720
882861
780202
123274
461200
223184
763241
770174
488759
834108
922398
587577
760609
845753
345742
9518
809680
347462
578257
126784
447852
280654
921052
888126
342555
193913
439979
451277
195449
752542
345419
825571
348724
555925
90305
755247
570631
536618
189915
268375
355345
313199
975697
885465
759377
17193
616534
852627
383809
466218
639809
117085
214028
150463
72339
541972
157484
76799
633188
844018
188708
945604
752047
371417
925207
403446
617334
855087
169668
395202
424915
898082
16351
585386
710685
86796
340428
253111
781491
154802
358266
967497
42920
805159
483994
615759
22923
281102
402107
77905
432529
28028
854596
931370
903842
595004
746893
305364
629885
504236
91738
830300
935496
36868
415284
897908
889208
449783
886438
906151
840025
700786
150673
647911
957882
574913
803885
582722
476665
551057
530396
198771
697382
132240
333996
169813
35095
485296
685226
470450
378568
794123
337565
100090
244588
90657
20326
51791
715796
342268
556850
851965
275771
266996
547673
114951
879596
615247
665686
431964
664912
969920
264419
230441
743320
137360
746673
882824
989507
375130
380545
556822
846988
849392
991650
720098
194292
673372
556295
76608
701991
750017
144836
643902
689229
131551
3237
150638
471408
89397
845547
468194
825477
602880
3300
856374
129753
489826
395174
747655
480537
22046
691559
459458
865726
931648
225084
349207
693715
699290
137069
713355
489188
13544
805425
598893
477573
965141
998347
292960
28412
321110
19456
998167
782156
373237
758259
212384
244319
298856
874335
457879
466063
777375
11697
55611
265745
627165
185024
364189
496766
129918
442154
872436
469951
339095
305420
465166
983317
426362
942237
115297
47299
739480
398119
968064
327000
515201
166244
129065
171100
243976
671601
671675
150231
330690
161457
420996
329401
147821
101313
126201
46057
698988
548435
710463
884205
119920
406121
341285
75698
425331
167728
76469
284857
520478
770039
745504
957854
6539
964234
896662
159366
516580
378607
631415
968805
156970
565884
232803
378986
617874
861523
713773
895815
710218
355132
485935
197536
449945
440797
693367
782671
706212
180696
101471
439378
19852
982017
140859
778386
265013
25787
196075
88720
53730
491694
719631
365230
506428
589798
61722
564760
88434
155979
537088
488333
845881
827449
1033
438030
382324
770236
689031
355617
98032
127529
216484
935170
706502
311515
311573
975399
373732
956361
486891
469359
224229
52609
300744
968422
515291
223555
236334
888631
406959
222012
614963
771055
564512
702622
920401
847914
125671
334936
531418
770204
51707
811063
979976
133758
468976
760089
585650
7698
733819
571017
725083
340629
323280
936636
786597
77633
408300
181287
760035
878268
912559
478331
765836
487328
509409
883838
676042
42792
690837
536327
240754
790771
812650
310038
451727
811704
102318
369486
70039
437639
82462
29007
857855
351864
101193
824308
85866
967282
822163
94950
734909
915097
502676
503899
716174
373205
55328
74543
700154
805820
704290
280029
272469
856411
494049
114330
859836
548774
939109
360718
243591
957881
421938
465199
229915
94346
969843
820540
891740
146030
769778
22740
838143
408964
394756
743409
933565
576962
153410
486148
276771
134746
90289
897197
713670
726792
203971
543574
387413
768251
660855
164974
367623
577181
928475
598525
832307
328129
275890
495721
739006
854056
660016
536964
239982
946800
390113
8207
213725
853850
608618
106256
172298
211318
821544
646155
767114
204397
491381
903584
722652
753003
449801
153601
233881
870567
804796
869965
782794
165648
931625
803150
317652
449174
409199
708044
737742
353361
832785
900044
410419
81682
975549
367336
982963
205317
669482
26700
846244
230975
525850
122378
81430
895466
608511
351131
344579
68426
883578
655667
328677
895467
334590
385727
235746
227369
771667
537150
167843
275036
456119
350393
599170
67998
854047
630625
646689
99066
539355
387267
375960
125810
47127
91306
91398
341613
716093
43601
429833
144571
854456
911491
15752
246471
775636
144529
908013
386904
631233
899439
99312
61251
989751
697068
802127
129009
999411
619533
188250
666697
706847
664901
786218
100089
401231
2130
599537
287078
572327
402614
397165
645102
791003
474449
346999
546902
750223
360152
475448
590357
511709
870516
354362
267068
719732
745593
146716
894720
603485
315457
276000
55654
639513
967141
211359
429449
993575
807447
406620
863499
260194
390239
36661
196118
170438
213808
156469
134542
529235
461478
817927
702933
630090
112543
679622
453370
743636
531379
69103
49343
70210
541457
815672
588357
301487
286711
316858
869910
344962
160717
376073
546191
545360
326815
223588
621416
709662
839094
923848
14561
247492
830865
48799
932491
103405
643589
924309
510129
113402
1262
435083
716129
831238
688209
970213
584346
10308
58128
864511
444563
433797
708552
437052
86630
746902
27019
942078
189976
694023
655861
320562
219461
349894
322157
200578
309356
214569
535802
172846
375381
254922
781375
287541
712091
721420
676884
183981
886234
293372
912515
437746
146613
255636
568284
60027
195204
141209
311413
642760
735065
802275
912962
278327
580205
908093
880525
778166
600556
348258
225746
547923
793626
373480
544249
511344
512544
910713
417136
632978
471543
165691
176229
389016
209392
636242
321309
979400
36189
706299
988148
519557
576096
646297
581233
191133
970510
262093
678917
633983
367615
920382
590048
902602
822772
907000
364144
444928
150949
330544
18360
195801
735655
119845
567689
365556
809079
229283
191711
584872
22054
882978
693786
734905
991968
421451
756374
574246
158554
761306
36202
128863
171352
624734
84154
568405
544024
579614
704313
670953
181406
754710
77823
785222
926045
922783
736131
220746
236287
316588
158901
396319
34449
741808
753339
269801
46222
918877
427845
85592
99143
568904
786511
582172
789419
993385
424371
803128
487609
633854
327080
41072
674559
243918
271131
298588
51405
575755
867752
340319
82108
276689
353653
272817
748308
683275
317675
500247
767454
354100
2770
324277
735175
212795
815816
73082
613550
856000
456926
451257
130635
885180
450320
977880
243451
375677
274270
445217
203692
