-50.31476113306883
83.60432915410624
-88.2463775812628
-99.54421081808353
-36.90253173599534
-46.15938167879321
-81.27277099742813
74.29295811045941
-69.93013635049348
-39.30951335980364
46.70686155189543
11.666208921852174
87.84327931603738
83.942641551929
5.616316505197162
-3.138424144344839
3.410564757450672
23.291033361649355
-6.885172037020283
53.74396756711977
-94.54033142601546
-85.77001952683514
-57.43378699033408
70.99572178957544
32.59272126553935
19.43088874490057
29.48673531942231
-26.81108488622965
-71.43546772035009
26.78341505760781
-61.20283363518582
34.98761221764687
-21.239591434075763
50.32305606876912
-75.69401569687295
91.44023234865836
26.8598817382766
-73.44390172655741
-97.79763745119394
-15.76368083856903
36.60941642881485
-73.76801237787383
-88.06100011211184
-98.03398248967852
70.85377049667596
-39.5977485135218
50.73651289681621
-78.16531581545405
-51.54778740226729
-50.35588814822533
42.042635141349194
40.94905341470752
9.432381515282657
46.61606592638131
-66.36892437069883
97.20551049463634
69.71116181502103
54.65170173166592
37.626327953812165
22.975011949176476
78.93842665003964
68.88712095088337
-77.4075465722251
49.19333530083253
8.496191709061065
81.45640738078481
46.925308109857326
-16.87064939696728
91.41214263529304
38.57857694271215
83.1392711314823
-79.9819595522844
-88.0768069128629
14.898648552106238
-75.75889481992365
-83.09082269047514
-0.3488404367621314
-20.76566712628403
-13.764857642888444
56.49648260582285
-78.17061966192827
65.91912892519406
-75.0944392284361
-40.643743688818404
-13.254567826219898
-62.77852955407512
70.37303060505508
-35.061517003903404
-27.458093060846238
-75.1412382978395
-50.475358191929544
94.81749837864692
-22.25643491534852
-27.585805784474488
14.267552559599153
-63.87663760134039
-46.64409336281563
-34.49681947729411
-77.3416954279391
-61.260869553375976
